-8.12493 -3.17552 3.40835 -7.22349 -2.8232 3.15678 -7.89062 -3.08394 4.37619 -7.76091 -4.10691 3.40835
-7.71028 -3.61791 3.44081 -6.83629 -3.20781 3.18011 -7.47426 -3.50717 4.40623 -7.28549 -4.5232 3.44081
-7.29564 -4.06042 3.47328 -6.45407 -3.59204 3.20423 -7.06055 -3.92958 4.43641 -6.80933 -4.9342 3.47328
-6.87189 -4.49347 3.505 -6.06761 -3.96756 3.2283 -6.64031 -4.34204 4.46595 -6.32461 -5.33042 3.505
-6.42336 -4.90068 3.53464 -5.66108 -4.3191 3.25057 -6.19751 -4.72837 4.49344 -5.81679 -5.69571 3.53464
-5.97483 -5.30805 3.5643 -5.25941 -4.67247 3.27413 -5.7579 -5.11533 4.52128 -5.31067 -6.05564 3.5643
-5.49809 -5.68049 3.5911 -4.83379 -4.99415 3.29506 -5.2922 -5.46777 4.54628 -4.77954 -6.37597 3.5911
-5.0162 -6.04678 3.6174 -4.40727 -5.31274 3.31676 -4.82426 -5.8154 4.57114 -4.24656 -6.68525 3.6174
-4.51306 -6.38142 3.64105 -3.9631 -5.60378 3.33638 -4.33714 -6.13267 4.59351 -3.6966 -6.95883 3.64105
-3.99989 -6.70138 3.66347 -3.51221 -5.88432 3.35591 -3.84225 -6.43728 4.615 -3.14121 -7.2139 3.66347
-3.46669 -6.98471 3.68279 -3.044 -6.13307 3.37286 -3.3289 -6.70709 4.63355 -2.57095 -7.42929 3.68279
-2.92586 -7.25445 3.70096 -2.57037 -6.37305 3.38991 -2.80951 -6.96599 4.65135 -1.99845 -7.6285 3.70096
-2.36361 -7.47471 3.71487 -2.07716 -6.56882 3.40292 -2.26956 -7.17727 4.66497 -1.41014 -7.77621 3.71487
-1.79485 -7.67675 3.72721 -1.57853 -6.75153 3.4155 -1.72388 -7.37323 4.67738 -0.821107 -7.90441 3.72721
-1.21386 -7.84217 3.73637 -1.06847 -6.9029 3.4255 -1.1663 -7.53496 4.68682 -0.225624 -7.99513 3.73637
-0.623703 -7.96994 3.74224 -0.549514 -7.02192 3.43281 -0.599562 -7.66145 4.69317 0.373249 -8.04796 3.74224
-0.0282707 -8.07177 3.74585 -0.0249376 -7.12011 3.43873 -0.027195 -7.76465 4.69752 0.971723 -8.07528 3.74585
0.572344 -8.14218 3.74672 0.505545 -7.1919 3.44259 0.551018 -7.8388 4.69935 1.56988 -8.07206 3.74672
1.17651 -8.17479 3.74431 1.04065 -7.23078 3.44367 1.13369 -7.87722 4.69805 2.16631 -8.03234 3.74431
1.78172 -8.18297 3.73983 1.57853 -7.24976 3.44344 1.71867 -7.89336 4.6949 2.75883 -7.97022 3.73983
2.38722 -8.16685 3.73336 2.11884 -7.24868 3.4419 2.30545 -7.88709 4.68994 3.34706 -7.88628 3.73336
2.99211 -8.12736 3.72507 2.66105 -7.22811 3.43914 2.89333 -7.85904 4.68332 3.93054 -7.78187 3.72507
3.59551 -8.06549 3.7152 3.20462 -7.18863 3.43533 3.48156 -7.80986 4.67523 4.50887 -7.65832 3.7152
4.19633 -7.98076 3.70405 3.74867 -7.12939 3.43061 4.06907 -7.73874 4.66594 5.08143 -7.51537 3.70405
4.79412 -7.87683 3.69221 4.29304 -7.05354 3.42555 4.65548 -7.64904 4.656 5.64834 -7.35692 3.69221
5.38806 -7.75301 3.68008 4.83696 -6.96002 3.42037 5.23984 -7.53974 4.64577 6.20923 -7.18233 3.68008
5.97715 -7.60834 3.66812 5.37943 -6.84751 3.4154 5.82102 -7.40961 4.63566 6.76351 -6.99057 3.66812
6.56025 -7.44166 3.65688 5.91925 -6.71455 3.41104 6.39768 -7.25725 4.62619 7.31038 -6.78038 3.65688
7.13543 -7.25025 3.64708 6.45436 -6.55822 3.40787 6.96764 -7.07975 4.61805 7.84816 -6.54881 3.64708
7.70005 -7.03082 3.6397 6.98191 -6.3751 3.40665 7.52795 -6.87368 4.61216 8.37433 -6.29235 3.6397
8.25208 -6.78286 3.63546 7.4998 -6.16451 3.40805 8.0764 -6.63846 4.60926 8.88707 -6.01033 3.63546
8.78732 -6.50229 3.63548 8.00361 -5.92238 3.413 8.60848 -6.36995 4.61042 9.38214 -5.69844 3.63548
9.2969 -6.18007 3.64163 8.48425 -5.63986 3.42304 9.11485 -6.05906 4.61745 9.85049 -5.34728 3.64163
9.77308 -5.81355 3.65466 8.93391 -5.31436 3.43881 9.58758 -5.7032 4.63108 10.2843 -4.95411 3.65466
10.2035 -5.39728 3.67509 9.3401 -4.94058 3.46065 10.0139 -5.29701 4.65183 10.6711 -4.51333 3.67509
10.5754 -4.92992 3.70162 9.69007 -4.51722 3.48725 10.3811 -4.83934 4.67837 10.9979 -4.02356 3.70162
10.883 -4.41786 3.73086 9.97821 -4.05056 3.51552 10.6835 -4.33687 4.7074 11.2592 -3.4913 3.73086
11.1298 -3.87219 3.75931 10.2078 -3.55142 3.5424 10.9249 -3.80091 4.7355 11.4584 -2.92771 3.75931
11.3241 -3.30369 3.78461 10.3873 -3.0304 3.56591 11.1141 -3.24244 4.7604 11.6041 -2.34371 3.78461
11.4747 -2.72043 3.80563 10.5256 -2.49542 3.58522 11.2603 -2.66958 4.78103 11.7054 -1.7474 3.80563
11.5878 -2.12759 3.82207 10.6287 -1.9515 3.60017 11.3695 -2.08751 4.79714 11.7684 -1.14403 3.82207
11.6661 -1.52865 3.83417 10.6996 -1.402 3.61104 11.4449 -1.49966 4.80896 11.796 -0.537126 3.83417
11.7114 -0.926345 3.84277 10.7398 -0.8495 3.61863 11.4879 -0.908672 4.81733 11.7902 0.0705409 3.84277
11.7213 -0.322776 3.84863 10.7473 -0.295955 3.62363 11.4964 -0.316583 4.82299 11.7488 0.676844 3.84863
11.6919 0.279659 3.85242 10.718 0.256364 3.62656 11.4661 0.274258 4.82658 11.6679 1.27937 3.85242
11.6155 0.877179 3.85461 10.6444 0.803839 3.62772 11.3893 0.860093 4.82853 11.5402 1.87434 3.85461
11.4905 1.46559 3.85578 10.5247 1.3424 3.62759 11.2641 1.43671 4.8294 11.364 2.45755 3.85578
11.3129 2.03962 3.8563 10.3551 1.86694 3.62641 11.0866 1.99883 4.82952 11.1354 3.02375 3.8563
11.0806 2.59345 3.85647 10.1335 2.37178 3.62436 10.8546 2.54056 4.82916 10.8527 3.56714 3.85647
10.7945 3.12172 3.85649 9.86071 2.85168 3.62158 10.5688 3.05646 4.82851 10.5167 4.08235 3.85649
10.457 3.61961 3.85649 9.53926 3.30193 3.61816 10.2318 3.54165 4.82768 10.1299 4.5646 3.85649
10.0752 4.08555 3.85649 9.17616 3.72096 3.61416 9.85068 3.99448 4.82669 9.69947 5.01225 3.85649
9.65814 4.52155 3.85649 8.78049 4.11067 3.60972 9.43465 4.41692 4.82557 9.23415 5.42721 3.85649
9.2126 4.93004 3.85649 8.35926 4.47339 3.60495 8.99082 4.81136 4.82434 8.74077 5.81173 3.85649
8.74156 5.31034 3.85649 7.91552 4.80853 3.59988 8.52224 5.1771 4.82301 8.22237 6.16499 3.85649
8.25321 5.6693 3.85649 7.45769 5.12283 3.59474 8.03746 5.52109 4.82163 7.68701 6.49356 3.85649
7.74895 6.00669 3.85649 6.98727 5.41627 3.58956 7.53798 5.84316 4.82021 7.1363 6.79705 3.85649
7.23312 6.32702 3.85649 6.50881 5.69344 3.58456 7.02844 6.14798 4.81881 6.57473 7.0797 3.85649
6.70655 6.63021 3.85649 6.02317 5.95461 3.57978 6.50977 6.43567 4.81745 6.0035 7.34135 3.85649
6.17232 6.9203 3.85649 5.53353 6.20409 3.57545 5.98525 6.71055 4.81619 5.42604 7.58592 3.85649
5.63011 7.19564 3.85649 5.03943 6.44071 3.57159 5.45454 6.97126 4.81505 4.84254 7.81186 3.85649
5.0822 7.45964 3.85649 4.54303 6.66825 3.5684 4.91999 7.22155 4.81409 4.25577 8.02268 3.85649
4.52818 7.71053 3.85649 4.04363 6.88545 3.5659 4.38102 7.45996 4.81334 3.66588 8.21694 3.85649
3.96882 7.94902 3.85649 3.54163 7.09341 3.56419 3.83825 7.6875 4.81282 3.07414 8.39572 3.85649
3.40393 8.17349 3.85649 3.03637 7.29093 3.56326 3.29119 7.9028 4.81254 2.48078 8.55795 3.85649
2.83346 8.3825 3.85649 2.52733 7.47685 3.5631 2.73951 8.10456 4.81248 1.88612 8.70272 3.85649
2.25723 8.57358 3.85649 2.01379 7.64894 3.56362 2.18267 8.29036 4.81264 1.29019 8.82818 3.85649
1.67513 8.74406 3.85649 1.49516 7.80464 3.56474 1.62023 8.45752 4.81299 0.692987 8.93221 3.85649
1.08682 8.88862 3.85649 0.970672 7.93873 3.56629 1.05159 8.60056 4.81346 0.0942082 9.00999 3.85649
0.493041 9.00546 3.8565 0.440695 8.04936 3.56818 0.477279 8.71758 4.81403 -0.505464 9.06013 3.8565
-0.106081 9.08562 3.85657 -0.0948946 8.12757 3.57021 -0.102737 8.79928 4.81469 -1.10601 9.07395 3.85657
-0.708459 9.12836 3.85688 -0.634276 8.17252 3.57249 -0.686454 8.84482 4.81559 -1.70546 9.05098 3.85688
-1.31205 9.13097 3.85767 -1.17561 8.18146 3.57516 -1.27187 8.85133 4.81693 -2.30188 8.98874 3.85767
-1.91358 9.08561 3.85945 -1.71579 8.1465 3.57845 -1.85567 8.81065 4.81916 -2.89212 8.87951 3.85945
-2.50961 8.99479 3.86267 -2.2516 8.07005 3.58285 -2.43441 8.72526 4.82272 -3.47282 8.72604 3.86267
-3.09641 8.85705 3.86793 -2.77951 7.95059 3.58883 -3.00431 8.59359 4.82819 -4.04039 8.52704 3.86793
-3.66814 8.66708 3.87624 -3.29387 7.78275 3.59714 -3.55936 8.41005 4.8365 -4.58906 8.27732 3.87624
-4.21953 8.42567 3.88851 -3.78965 7.56727 3.60858 -4.09419 8.17537 4.84853 -5.11368 7.97788 3.88851
-4.74477 8.13272 3.90567 -4.26126 7.30396 3.62393 -4.60279 7.88936 4.86516 -5.60852 7.62879 3.90567
-5.23687 7.78757 3.92863 -4.70195 6.9921 3.64387 -5.07797 7.55127 4.88723 -6.06669 7.22955 3.92863
-5.68491 7.38777 3.95849 -5.10115 6.62914 3.66916 -5.50846 7.15847 4.91572 -6.47743 6.77792 3.95849
-6.08545 6.94111 3.99493 -5.45563 6.22273 3.69955 -5.89072 6.719 4.95031 -6.83738 6.28187 3.99493
-6.43397 6.45301 4.03768 -5.76109 5.77814 3.73472 -6.22006 6.23847 4.99068 -7.14212 5.74695 4.03768
-6.72817 5.93021 4.08609 -6.01543 5.30199 3.77409 -6.49411 5.72391 5.03617 -7.38939 5.18001 4.08609
-6.96482 5.37874 4.13947 -6.21566 4.80019 3.81694 -6.70955 5.1816 5.08603 -7.57604 4.58728 4.13947
-7.14811 4.80713 4.19642 -6.36604 4.28119 3.86212 -6.8707 4.62057 5.13889 -7.70616 3.97732 4.19642
-7.28257 4.22177 4.25572 -6.47119 3.75141 3.90869 -6.98233 4.04773 5.19357 -7.7841 3.35663 4.25572
-7.37114 3.62733 4.3165 -6.53424 3.21549 3.95596 -7.04764 3.46813 5.24924 -7.81267 2.73008 4.3165
-7.41269 3.02749 4.3782 -6.55442 2.67696 4.00337 -7.06569 2.88577 5.3053 -7.79079 2.10173 4.3782
-7.41287 2.42604 4.4404 -6.53757 2.13958 4.0508 -7.04259 2.30486 5.36138 -7.72391 1.47565 4.4404
-7.37317 1.82567 4.50301 -6.48555 1.60589 4.09826 -6.98029 1.72839 5.41744 -7.61352 0.854987 4.50301
-7.2945 1.22891 4.56621 -6.39967 1.07815 4.14602 -6.88015 1.1591 5.47365 -7.46063 0.242802 4.56621
-7.17617 0.638517 4.6305 -6.27973 0.558754 4.19458 -6.74197 0.599882 5.53049 -7.2648 -0.357548 4.6305
-7.02011 0.0568514 4.69672 -6.12805 0.0496271 4.24487 -6.56828 0.0531923 5.58882 -7.02821 -0.943116 4.69672
-6.82754 -0.513747 4.76601 -5.94626 -0.447434 4.29809 -6.36094 -0.478637 5.64978 -6.75251 -1.51093 4.76601
-6.59869 -1.0705 4.83963 -5.73498 -0.930383 4.3555 -6.12081 -0.992975 5.71462 -6.43855 -2.0576 4.83963
-6.33344 -1.61026 4.91887 -5.4944 -1.39694 4.41837 -5.84837 -1.48693 5.7846 -6.08703 -2.57943 4.91887
-6.03153 -2.12943 5.00491 -5.22441 -1.84448 4.48784 -5.54395 -1.9573 5.86085 -5.69862 -3.07239 5.00491
-5.6929 -2.62409 5.09868 -4.92498 -2.27013 4.56481 -5.20806 -2.40061 5.94424 -5.27429 -3.53226 5.09868
-5.31813 -3.09029 5.20064 -4.59652 -2.67097 4.64978 -4.84184 -2.81353 6.03524 -4.8157 -3.95492 5.20064
-4.90887 -3.52464 5.31065 -4.24028 -3.04459 4.74273 -4.44755 -3.19341 6.13373 -4.32563 -4.33694 5.31065
-4.46781 -3.92479 5.42791 -3.85837 -3.38942 4.84313 -4.02847 -3.53885 6.23911 -3.80783 -4.67608 5.42791
-3.99893 -4.29024 5.55132 -3.45399 -3.7056 4.9503 -3.58914 -3.85059 6.35055 -3.26743 -4.97208 5.55132
-3.50648 -4.62165 5.67981 -3.03043 -3.99421 5.0636 -3.13402 -4.13074 6.46739 -2.70982 -5.22608 5.67981
-2.99381 -4.91927 5.81259 -2.59007 -4.25588 5.18258 -2.66628 -4.38109 6.58918 -2.13957 -5.43915 5.81259
-2.46342 -5.18225 5.94914 -2.13436 -4.49001 5.30686 -2.18767 -4.60217 6.71561 -1.56026 -5.61157 5.94914
-1.91763 -5.40935 6.08901 -1.66457 -4.6955 5.43603 -1.69945 -4.79389 6.84639 -0.975099 -5.74347 6.08901
-1.35844 -5.5983 6.23187 -1.18174 -4.87011 5.56967 -1.20229 -4.95477 6.9812 -0.386643 -5.83411 6.23187
-0.787723 -5.7452 6.37743 -0.686906 -5.0099 5.70723 -0.696684 -5.08121 7.11961 0.203008 -5.88104 6.37743
-0.207841 -5.8457 6.52524 -0.181698 -5.11041 5.84799 -0.183777 -5.16887 7.26099 0.791528 -5.88123 6.52524
0.377974 -5.89593 6.67462 0.331281 -5.16758 5.99101 0.334239 -5.21372 7.40447 1.37593 -5.83196 6.67462
0.96571 -5.89315 6.82467 0.848572 -5.17833 6.13525 0.85422 -5.2128 7.54903 1.95255 -5.73143 6.82467
1.55087 -5.83617 6.97434 1.36616 -5.14107 6.27957 1.37244 -5.16469 7.69357 2.51733 -5.57934 6.97434
2.12847 -5.7238 7.12245 1.87948 -5.0542 6.4227 1.88458 -5.06793 7.83684 3.06577 -5.37525 7.12245
2.6947 -5.56084 7.26805 2.38504 -4.92182 6.56395 2.38765 -4.92721 7.97815 3.59461 -5.12476 7.26805
3.24668 -5.35171 7.41043 2.88021 -4.74764 6.70276 2.87962 -4.74667 8.11697 4.10165 -4.83303 7.41043
3.78257 -5.10142 7.54919 3.36332 -4.53598 6.8389 3.35952 -4.53086 8.2531 4.58585 -4.50581 7.54919
4.30107 -4.81434 7.68425 3.83316 -4.29059 6.97239 3.82681 -4.28348 8.38657 5.04682 -4.14811 7.68425
4.80099 -4.49389 7.8158 4.28862 -4.01429 7.10344 4.28092 -4.00708 8.51761 5.48437 -3.76382 7.8158
5.28096 -4.1425 7.94425 4.72838 -3.70905 7.23237 4.72085 -3.70313 8.64655 5.89815 -3.35569 7.94425
5.73839 -3.76088 8.07019 5.14992 -3.3752 7.35959 5.14406 -3.37136 8.77378 6.28655 -2.9245 8.07019
6.17153 -3.35092 8.19457 5.55149 -3.01426 7.4859 5.54874 -3.01277 8.90011 6.6487 -2.47211 8.19457
6.57676 -2.91266 8.31849 5.92953 -2.62602 7.61213 5.93091 -2.62663 9.02635 6.9817 -1.99831 8.31849
6.94892 -2.44561 8.44329 6.279 -2.20984 7.73929 6.28484 -2.2119 9.15349 7.2809 -1.50233 8.44329
7.28105 -1.94932 8.57027 6.59308 -1.76513 7.86828 6.60295 -1.76777 9.28246 7.53966 -0.98334 8.57027
7.56444 -1.42394 8.70028 6.86328 -1.29196 7.99959 6.87584 -1.29432 9.41374 7.74943 -0.441205 8.70028
7.78698 -0.870588 8.83354 7.07782 -0.791303 8.13297 7.09075 -0.792749 9.54712 7.89809 0.12322 8.83354
7.94099 -0.294903 8.969 7.22909 -0.268465 8.26722 7.23969 -0.268859 9.68139 7.9781 0.704408 8.969
8.0202 0.295563 9.10456 7.31084 0.269421 8.4002 7.31632 0.269623 9.8144 7.98338 1.29488 9.10456
8.02354 0.891683 9.23737 7.32179 0.813694 8.52923 7.31974 0.813467 9.94344 7.91309 1.88556 9.23737
7.95401 1.48472 9.36437 7.26455 1.35602 8.65156 7.2533 1.35392 10.0657 7.77051 2.46774 9.36437
7.81902 2.06782 9.48354 7.1461 1.88985 8.76555 7.12489 1.88425 10.1796 7.56335 3.03458 9.48354
7.62548 2.63593 9.59377 6.97291 2.41035 8.8704 6.9418 2.3996 10.2842 7.29877 3.58105 9.59377
7.37768 3.18449 9.69423 6.74904 2.91314 8.96542 6.70854 2.89566 10.3789 6.98139 4.10261 9.69423
7.08053 3.70973 9.78462 6.47913 3.39464 9.05044 6.43021 3.369 10.4636 6.61644 4.59552 9.78462
6.7418 4.21083 9.86568 6.1706 3.85406 9.12646 6.11483 3.81923 10.5391 6.21206 5.05899 9.86568
6.36403 4.68492 9.93726 5.82584 4.28872 9.19336 5.76496 4.24391 10.6056 5.77119 5.49024 9.93726
5.95417 5.13313 10.0005 5.45148 4.69976 9.25255 5.38764 4.64473 10.6643 5.30121 5.89053 10.0005
5.51193 5.5517 10.0565 5.04723 5.08365 9.30484 4.98235 5.01829 10.7161 4.80229 6.25626 10.0565
5.0421 5.94127 10.1091 4.6177 5.44119 9.3542 4.55367 5.36573 10.7649 4.27965 6.58832 10.1091
4.54392 6.2964 10.1617 4.16216 5.7674 9.40384 4.1004 5.68183 10.8141 3.73303 6.8816 10.1617
4.01639 6.60912 10.2186 3.6796 6.05492 9.45739 3.62108 5.95862 10.8671 3.16182 7.12845 10.2186
3.45815 6.86577 10.2846 3.16867 6.29103 9.51914 3.11383 6.18217 10.9281 2.56505 7.31561 10.2846
2.87226 7.05193 10.3645 2.63211 6.46233 9.59328 2.58137 6.33773 11.0011 1.94613 7.42915 10.3645
2.26717 7.1554 10.4616 2.07773 6.55749 9.68274 2.03192 6.41293 11.0888 1.31388 7.45745 10.4616
1.65557 7.16496 10.578 1.51719 6.56609 9.78919 1.47799 6.39642 11.1926 0.681246 7.3901 10.578
1.05313 7.0781 10.713 0.965008 6.48586 9.91211 0.935256 6.2859 11.3118 0.0640143 7.22527 10.713
0.478001 6.89275 10.8653 0.43793 6.31494 10.0501 0.421604 6.07951 11.4445 -0.519603 6.96193 10.8653
-0.0546565 6.62103 11.0306 -0.0500641 6.06472 10.1996 -0.0477972 5.7901 11.5869 -1.05462 6.61278 11.0306
-0.549778 6.29374 11.203 -0.503504 5.76402 10.3561 -0.476078 5.45005 11.7348 -1.54598 6.20672 11.203
-1.0185 5.92988 11.38 -0.93274 5.43057 10.5178 -0.872555 5.08016 11.8866 -2.00407 5.76061 11.38
